
23 20 54 65 73 74 20 46 69 6c 65 20 66 6f 72 20 45 6e 63 6f 64 69 6e 67 20 6f 6e 20 57 69 6e 37 0a 

41 72 6e 6f 6c 64 20 43 72 6f 73 73 20 20 0a 

60 72 20 53 79 73 2e 44 61 74 65 28 29 60 20 20 0a 

0a 

0a 

0a 

4f 53 3a 20 57 69 6e 64 6f 77 73 20 37 20 28 62 75 69 6c 64 20 37 36 30 31 29 20 53 50 20 31 20 20 33 32 2d 62 69 74 0a 

0a 

52 20 76 65 72 73 69 6f 6e 20 33 2e 34 2e 30 20 28 32 30 31 37 2d 30 34 2d 32 31 29 0a 

0a 

45 6e 63 6f 64 69 6e 67 20 53 65 74 74 69 6e 67 3a 20 20 57 49 4e 44 4f 57 53 2d 31 32 35 32 0a 

0a 

23 23 20 49 6e 74 72 6f 64 75 63 74 69 6f 6e 0a 

0a 

23 23 23 20 50 75 72 70 6f 73 65 0a 

0a 

54 68 69 73 20 69 73 20 61 20 74 65 73 74 20 66 69 6c 65 20 66 6f 72 20 67 65 6e 65 72 61 74 69 6e 67 20 6d 64 20 61 6e 64 20 68 74 6d 6c 20 66 69 6c 65 73 20 61 73 20 64 65 73 63 72 69 62 65 64 20 69 6e 20 74 68 65 20 61 73 73 6f 63 69 61 74 65 64 20 72 65 70 6f 72 74 2c 20 5f 6b 6e 69 74 72 20 45 6e 63 6f 64 69 6e 67 20 69 6e 20 52 53 74 75 64 69 6f 20 6f 6e 20 57 69 6e 37 5f 2e 20 20 54 68 65 20 66 69 6c 65 73 20 67 65 6e 65 72 61 74 65 64 20 66 72 6f 6d 20 74 68 69 73 20 74 65 73 74 20 66 69 6c 65 20 61 72 65 20 72 65 6e 61 6d 65 64 20 61 6e 64 20 73 61 76 65 64 20 69 6e 20 74 68 65 20 3c 53 61 6d 70 6c 65 73 3e 20 66 6f 6c 64 65 72 2e 0a 

0a 

23 23 20 44 65 6d 6f 6e 73 74 72 61 74 69 6f 6e 0a 

0a 

54 68 65 20 74 65 78 74 20 74 68 61 74 20 49 20 75 73 65 20 66 6f 72 20 74 68 69 73 20 64 65 6d 6f 6e 73 74 72 61 74 69 6f 6e 20 69 73 20 73 68 6f 77 6e 20 68 65 72 65 20 77 69 74 68 20 61 20 67 72 61 70 68 69 63 2c 20 73 6f 20 79 6f 75 20 63 61 6e 20 73 65 65 20 77 68 61 74 20 69 74 20 69 73 20 73 75 70 70 6f 73 65 64 20 74 6f 20 6c 6f 6f 6b 20 6c 69 6b 65 2e 0a 

0a 

21 5b 5d 28 69 6d 67 2f 52 75 73 54 65 78 74 2e 70 6e 67 29 0a 

0a 

54 68 61 74 20 74 65 78 74 20 69 73 20 63 6f 6e 74 61 69 6e 65 64 20 69 6e 20 61 20 66 69 6c 65 2c 20 3c 69 6e 70 75 74 2e 74 78 74 3e 2e 0a 

0a 

0a 

60 60 60 72 0a 

72 75 73 73 69 61 6e 54 65 78 74 20 3c 2d 20 72 65 61 64 4c 69 6e 65 73 28 22 69 6e 70 75 74 2e 74 78 74 22 29 0a 

63 61 74 28 20 45 6e 63 6f 64 69 6e 67 28 72 75 73 73 69 61 6e 54 65 78 74 29 20 29 0a 

60 60 60 0a 

0a 

60 60 60 0a 

23 23 20 75 6e 6b 6e 6f 77 6e 0a 

60 60 60 0a 

0a 

52 20 63 6f 6e 73 69 64 65 72 73 20 74 68 65 20 65 6e 63 6f 64 69 6e 67 20 6f 66 20 74 68 65 20 66 69 6c 65 20 74 6f 20 62 65 20 75 6e 6b 6e 6f 77 6e 2c 20 62 75 74 20 49 20 63 61 6e 20 63 6f 6e 66 69 72 6d 20 77 69 74 68 20 74 68 65 20 66 6f 6c 6c 6f 77 69 6e 67 20 63 6f 64 65 20 63 68 75 6e 6b 20 74 68 61 74 20 69 74 20 69 73 20 55 54 46 2d 38 2e 0a 

0a 

23 23 23 20 53 74 61 72 74 69 6e 67 20 42 79 74 65 73 0a 

0a 

0a 

60 60 60 72 0a 

63 61 74 28 20 63 68 61 72 54 6f 52 61 77 28 73 75 62 73 74 72 28 20 72 75 73 73 69 61 6e 54 65 78 74 2c 20 31 2c 20 36 20 29 29 20 29 0a 

60 60 60 0a 

0a 

60 60 60 0a 

23 23 20 64 30 20 39 61 20 64 30 20 62 65 20 64 30 20 62 33 0a 

60 60 60 0a 

0a 

54 68 6f 73 65 20 62 79 74 65 73 20 61 72 65 20 74 68 65 20 55 54 46 2d 38 20 65 6e 63 6f 64 69 6e 67 73 20 6f 66 20 55 2b 30 34 31 41 2c 20 55 2b 30 34 33 45 2c 20 61 6e 64 20 55 2b 30 34 33 33 2c 20 77 68 69 63 68 20 63 6f 72 72 65 73 70 6f 6e 64 20 74 6f 20 74 68 65 20 66 69 72 73 74 20 74 68 72 65 65 20 6c 65 74 74 65 72 73 20 69 6e 20 6d 79 20 52 75 73 73 69 61 6e 20 74 65 78 74 2e 20 20 49 20 77 69 6c 6c 20 72 65 66 65 72 20 74 6f 20 74 68 65 6d 20 61 73 20 74 68 65 20 22 53 54 41 52 54 49 4e 47 20 42 59 54 45 53 22 2e 20 20 54 68 65 79 20 61 72 65 20 61 6c 77 61 79 73 20 64 30 20 39 61 20 64 30 20 62 65 20 64 30 20 62 33 20 72 65 67 61 72 64 6c 65 73 73 20 6f 66 20 74 68 65 20 45 4e 43 4f 44 49 4e 47 20 53 45 54 54 49 4e 47 2e 0a 

0a 

23 23 23 20 50 61 73 74 65 64 20 54 65 78 74 0a 

0a 

54 68 65 20 74 65 78 74 20 69 73 20 70 61 73 74 65 64 20 68 65 72 65 20 66 6f 72 20 72 65 6e 64 65 72 69 6e 67 3a 0a 

0a 

3e 20 c3 83 c2 90 c3 85 c2 a1 c3 83 c2 90 c3 82 c2 be c3 83 c2 90 c3 82 c2 b3 c3 83 c2 90 c3 82 c2 be 20 c3 83 c2 90 c3 a2 e2 82 ac e2 84 a2 c3 83 e2 80 98 c3 a2 e2 82 ac c2 b9 20 c3 83 e2 80 98 c3 a2 e2 82 ac c2 a6 c3 83 c2 90 c3 82 c2 be c3 83 e2 80 98 c3 a2 e2 82 ac c5 a1 c3 83 c2 90 c3 82 c2 b8 c3 83 e2 80 98 c3 a2 e2 82 ac c5 a1 c3 83 c2 90 c3 82 c2 b5 20 c3 83 c2 90 c3 82 c2 b2 c3 83 c2 90 c3 82 c2 b8 c3 83 c2 90 c3 82 c2 b4 c3 83 c2 90 c3 82 c2 b5 c3 83 e2 80 98 c3 a2 e2 82 ac c5 a1 c3 83 e2 80 98 c3 85 e2 80 99 20 c3 83 c2 90 c3 82 c2 b2 20 c3 83 c2 90 c3 82 c2 ba c3 83 c2 90 c3 82 c2 b0 c3 83 e2 80 98 c3 a2 e2 82 ac c2 a1 c3 83 c2 90 c3 82 c2 b5 c3 83 e2 80 98 c3 82 c2 81 c3 83 e2 80 98 c3 a2 e2 82 ac c5 a1 c3 83 c2 90 c3 82 c2 b2 c3 83 c2 90 c3 82 c2 b5 20 56 49 50 2d c3 83 c2 90 c3 82 c2 bf c3 83 c2 90 c3 82 c2 b5 c3 83 e2 80 98 c3 a2 e2 80 9a c2 ac c3 83 e2 80 98 c3 82 c2 81 c3 83 c2 90 c3 82 c2 be c3 83 c2 90 c3 82 c2 bd c3 83 e2 80 98 c3 a2 e2 82 ac c2 b9 20 c3 83 c2 90 c3 82 c2 bd c3 83 c2 90 c3 82 c2 b0 20 c3 83 e2 80 98 c3 a2 e2 82 ac c5 be c3 83 c2 90 c3 82 c2 be c3 83 e2 80 98 c3 a2 e2 80 9a c2 ac c3 83 e2 80 98 c3 86 e2 80 99 c3 83 c2 90 c3 82 c2 bc c3 83 c2 90 c3 82 c2 b5 3f 0a 

0a 

49 20 77 69 6c 6c 20 72 65 66 65 72 20 74 6f 20 74 68 61 74 20 61 73 20 74 68 65 20 22 50 41 53 54 45 44 20 54 45 58 54 22 2c 20 62 65 63 61 75 73 65 20 49 20 70 61 73 74 65 64 20 69 74 20 69 6e 74 6f 20 74 68 69 73 20 52 6d 64 20 66 69 6c 65 2e 20 20 59 6f 75 20 6d 69 67 68 74 20 6e 6f 74 20 73 65 65 20 52 75 73 73 69 61 6e 20 74 65 78 74 20 61 62 6f 76 65 20 64 65 70 65 6e 64 69 6e 67 20 6f 6e 20 74 68 65 20 45 4e 43 4f 44 49 4e 47 20 53 45 54 54 49 4e 47 20 75 6e 64 65 72 20 77 68 69 63 68 20 74 68 69 73 20 66 69 6c 65 20 77 61 73 20 6b 6e 69 74 74 65 64 20 61 6e 64 20 77 68 69 63 68 20 6f 75 74 70 75 74 20 66 69 6c 65 20 28 6d 64 20 6f 72 20 68 74 6d 6c 29 20 79 6f 75 20 61 72 65 20 76 69 65 77 69 6e 67 2e 20 20 49 66 20 79 6f 75 20 61 72 65 20 76 69 65 77 69 6e 67 20 74 68 65 20 73 6f 75 72 63 65 20 52 6d 64 20 66 69 6c 65 20 69 6e 20 52 53 74 75 64 69 6f 2c 20 74 68 65 6e 20 77 68 61 74 20 79 6f 75 20 73 65 65 20 64 65 70 65 6e 64 73 20 6f 6e 20 74 68 65 20 45 4e 43 4f 44 49 4e 47 20 53 45 54 54 49 4e 47 20 61 74 20 74 68 65 20 74 69 6d 65 20 74 68 61 74 20 79 6f 75 20 6f 70 65 6e 65 64 20 74 68 65 20 66 69 6c 65 2e 0a 

0a 

57 68 65 6e 20 74 68 65 20 5b 4b 6e 69 74 5d 20 62 75 74 74 6f 6e 20 69 73 20 63 6c 69 63 6b 65 64 20 69 6e 20 52 53 74 75 64 69 6f 20 74 6f 20 6b 6e 69 74 20 74 68 69 73 20 52 6d 64 20 66 69 6c 65 2c 20 61 6e 20 6d 64 20 66 69 6c 65 20 61 6e 64 20 61 6e 20 68 74 6d 6c 20 66 69 6c 65 20 61 72 65 20 70 72 6f 64 75 63 65 64 2e 20 20 54 68 65 20 72 65 70 6f 72 74 20 64 69 73 63 75 73 73 65 73 20 68 6f 77 20 74 68 65 20 50 41 53 54 45 44 20 54 45 58 54 20 61 70 70 65 61 72 73 20 69 6e 20 74 68 6f 73 65 20 66 69 6c 65 73 20 61 73 20 77 65 6c 6c 20 61 73 20 68 6f 77 20 69 74 20 61 70 70 65 61 72 73 20 69 6e 20 52 53 74 75 64 69 6f 2e 0a 

0a 

23 23 23 20 4b 6e 69 74 74 65 64 20 54 65 78 74 0a 

0a 

54 68 65 20 66 6f 6c 6c 6f 77 69 6e 67 20 63 6f 64 65 20 63 68 75 6e 6b 20 72 65 6e 64 65 72 73 20 74 68 65 20 73 61 6d 65 20 74 65 78 74 20 66 72 6f 6d 20 74 68 65 20 65 78 65 63 75 74 69 6f 6e 20 65 6e 76 69 72 6f 6e 6d 65 6e 74 2e 0a 

0a 

0a 

60 60 60 72 0a 

63 61 74 28 72 75 73 73 69 61 6e 54 65 78 74 29 0a 

60 60 60 0a 

0a 

60 60 60 0a 

23 23 20 c3 83 c2 90 c3 82 c5 a1 c3 83 c2 90 c3 82 c2 be c3 83 c2 90 c3 82 c2 b3 c3 83 c2 90 c3 82 c2 be 20 c3 83 c2 90 c3 82 e2 80 99 c3 83 e2 80 98 c3 82 e2 80 b9 20 c3 83 e2 80 98 c3 82 e2 80 a6 c3 83 c2 90 c3 82 c2 be c3 83 e2 80 98 c3 82 e2 80 9a c3 83 c2 90 c3 82 c2 b8 c3 83 e2 80 98 c3 82 e2 80 9a c3 83 c2 90 c3 82 c2 b5 20 c3 83 c2 90 c3 82 c2 b2 c3 83 c2 90 c3 82 c2 b8 c3 83 c2 90 c3 82 c2 b4 c3 83 c2 90 c3 82 c2 b5 c3 83 e2 80 98 c3 82 e2 80 9a c3 83 e2 80 98 c3 82 c5 92 20 c3 83 c2 90 c3 82 c2 b2 20 c3 83 c2 90 c3 82 c2 ba c3 83 c2 90 c3 82 c2 b0 c3 83 e2 80 98 c3 82 e2 80 a1 c3 83 c2 90 c3 82 c2 b5 c3 83 e2 80 98 c3 82 c2 81 c3 83 e2 80 98 c3 82 e2 80 9a c3 83 c2 90 c3 82 c2 b2 c3 83 c2 90 c3 82 c2 b5 20 56 49 50 2d c3 83 c2 90 c3 82 c2 bf c3 83 c2 90 c3 82 c2 b5 c3 83 e2 80 98 c3 82 e2 82 ac c3 83 e2 80 98 c3 82 c2 81 c3 83 c2 90 c3 82 c2 be c3 83 c2 90 c3 82 c2 bd c3 83 e2 80 98 c3 82 e2 80 b9 20 c3 83 c2 90 c3 82 c2 bd c3 83 c2 90 c3 82 c2 b0 20 c3 83 e2 80 98 c3 82 e2 80 9e c3 83 c2 90 c3 82 c2 be c3 83 e2 80 98 c3 82 e2 82 ac c3 83 e2 80 98 c3 82 c6 92 c3 83 c2 90 c3 82 c2 bc c3 83 c2 90 c3 82 c2 b5 3f 0a 

60 60 60 0a 

0a 

49 20 72 65 66 65 72 20 74 6f 20 74 68 61 74 20 61 73 20 74 68 65 20 22 4b 4e 49 54 54 45 44 20 54 45 58 54 22 2c 20 62 65 63 61 75 73 65 20 69 74 20 69 73 20 67 65 6e 65 72 61 74 65 64 20 77 68 65 6e 20 74 68 69 73 20 66 69 6c 65 20 69 73 20 6b 6e 69 74 74 65 64 2e 20 20 54 68 65 20 72 65 70 6f 72 74 20 64 69 73 63 75 73 73 65 73 20 68 6f 77 20 74 68 65 20 4b 4e 49 54 54 45 44 20 54 45 58 54 20 61 70 70 65 61 72 73 20 69 6e 20 74 68 65 20 6d 64 20 61 6e 64 20 68 74 6d 6c 20 66 69 6c 65 73 2e 0a 
